1.000000000 0.000000000 0.000000000 0.000000000 0.000000000 1.000000000 0.000000000 0.000000000 0.000000000 0.000000000 1.000000000 0.000000000
0.999996407 0.001006693 0.002484385 -0.021729541 -0.001003489 0.999998664 -0.001290331 -0.013174002 -0.002485680 0.001287833 0.999996081 1.212641235
0.999944222 0.010284570 0.002404364 0.037535541 -0.010285030 0.999947092 0.000179179 -0.070175462 -0.002402394 -0.000203898 0.999997093 2.475575279
0.999944750 0.009921505 0.003472728 0.029816538 -0.009922902 0.999950693 0.000385088 -0.087631541 -0.003468736 -0.000419526 0.999993896 3.682534353
0.999945578 0.009523920 0.004258564 0.022821030 -0.009527240 0.999954326 0.000760039 -0.118576067 -0.004251131 -0.000800570 0.999990643 4.907635158
0.999862805 0.015624052 0.005501005 0.049959259 -0.015630446 0.999877209 0.001121162 -0.148003876 -0.005482812 -0.001206992 0.999984241 6.105089537
0.999845256 0.016367059 0.006448578 0.048806417 -0.016367772 0.999866037 0.000057898 -0.168150250 -0.006446766 -0.000163438 0.999979206 7.318461929
0.999840459 0.016560462 0.006693837 0.052538995 -0.016559991 0.999862866 -0.000125717 -0.190765440 -0.006695001 0.000014847 0.999977588 8.542343257
0.999732108 0.022093810 0.006897571 0.083702528 -0.022101656 0.999755163 0.001063399 -0.215735511 -0.006872388 -0.001215562 0.999975646 9.782876650
0.999747609 0.021737169 0.005675806 0.079283571 -0.021748297 0.999761660 0.001906377 -0.234203919 -0.005633014 -0.002029335 0.999982075 10.994568259
0.999778601 0.020702738 0.003761184 0.058948139 -0.020709174 0.999784130 0.001680257 -0.258947596 -0.003725586 -0.001757776 0.999991515 12.204356282
0.999773771 0.021189809 0.001843562 0.049083233 -0.021192837 0.999774064 0.001638626 -0.288867096 -0.001808423 -0.001677325 0.999996958 13.408040017
0.999588121 0.028696869 0.000280522 0.057983171 -0.028697223 0.999587234 0.001353226 -0.313017379 -0.000241573 -0.001360719 0.999999045 14.628288666
0.999536359 0.030447701 0.000062544 0.033000640 -0.030447750 0.999535798 0.001059773 -0.329475103 -0.000030248 -0.001061186 0.999999436 15.834267447
0.999552399 0.029899320 -0.001015865 0.028838648 -0.029898112 0.999552250 0.001184487 -0.352189864 0.001050825 -0.001153584 0.999998783 17.052640981
0.999571712 0.029225000 -0.001513976 0.016110106 -0.029222944 0.999571990 0.001362846 -0.367581449 0.001553158 -0.001318019 0.999997925 18.260670888
0.999330074 0.036550094 -0.001869354 0.024133510 -0.036547152 0.999330674 0.001584092 -0.382548327 0.001926002 -0.001514711 0.999996998 19.460946247
0.999284284 0.037760179 -0.002255694 0.010284587 -0.037759664 0.999286813 0.000270267 -0.402263042 0.002264290 -0.000184899 0.999997419 20.678326102
0.999307844 0.037066059 -0.003152655 -0.004450613 -0.037066810 0.999312773 -0.000180206 -0.422073469 0.003143809 0.000296940 0.999995014 21.895868413
0.998995675 0.044669839 -0.003499656 -0.027860793 -0.044671191 0.999001696 -0.000309273 -0.423995376 0.003482348 0.000465296 0.999993828 23.056425653
0.999005995 0.044344761 -0.004534747 -0.041975111 -0.044346716 0.999016146 -0.000331347 -0.450196957 0.004515592 0.000532118 0.999989663 24.274626322
0.999008668 0.044231670 -0.005023946 -0.063718549 -0.044236471 0.999020728 -0.000848555 -0.476086698 0.004981493 0.001069956 0.999987020 25.476481322
0.998973481 0.044978387 -0.005378617 -0.090334347 -0.044980778 0.998987800 -0.000324233 -0.494936367 0.005358589 0.000565834 0.999985483 26.713408831
0.998741926 0.049911366 -0.004839416 -0.133601656 -0.049912787 0.998753565 -0.000173221 -0.475392752 0.004824738 0.000414552 0.999988275 27.925228490
0.998740064 0.049850441 -0.005763552 -0.147381769 -0.049851014 0.998756664 0.000044372 -0.496789817 0.005758598 0.000243003 0.999983390 29.101941989
0.998776837 0.049029239 -0.006400236 -0.167037195 -0.049037823 0.998796212 -0.001191079 -0.513237896 0.006334134 0.001503476 0.999978809 30.338037922
0.998794702 0.048542910 -0.007261536 -0.183591435 -0.048558918 0.998818227 -0.002044550 -0.544811883 0.007153706 0.002394698 0.999971545 31.545920576
0.998499940 0.054206673 -0.007713982 -0.224180991 -0.054230019 0.998524402 -0.002850129 -0.540639456 0.007548103 0.003264183 0.999966185 32.798642902
0.998510775 0.053887198 -0.008508964 -0.248020220 -0.053906218 0.998543956 -0.002021856 -0.569637590 0.008387623 0.002477531 0.999961754 34.024244837
0.998508465 0.053901033 -0.008690424 -0.267980235 -0.053917498 0.998543995 -0.001671376 -0.590033519 0.008587681 0.002137449 0.999960841 35.195193222
0.998314161 0.057421870 -0.008459648 -0.328751396 -0.057443936 0.998345876 -0.002388668 -0.605056617 0.008308493 0.002870597 0.999961364 36.410204409
0.998338065 0.056978699 -0.008633393 -0.356979513 -0.057002466 0.998370826 -0.002532181 -0.628930030 0.008475047 0.003020097 0.999959525 37.605128921
0.998374585 0.056351805 -0.008524232 -0.380535889 -0.056369295 0.998408318 -0.001825451 -0.660136864 0.008407796 0.002302989 0.999962002 38.834756494
0.998372045 0.056369004 -0.008706022 -0.379113215 -0.056377133 0.998409306 -0.000690885 -0.684989386 0.008653228 0.001180581 0.999961863 40.084785107
0.998351228 0.056797548 -0.008298495 -0.396458766 -0.056801695 0.998385445 -0.000264646 -0.696580345 0.008270065 0.000735578 0.999965532 41.314643865
0.997966054 0.063250354 -0.007946534 -0.441141540 -0.063261745 0.997996260 -0.001190169 -0.699971826 0.007855333 0.001690460 0.999967718 42.535162336
0.997883313 0.064637593 -0.007132726 -0.472146940 -0.064649797 0.997906896 -0.001493614 -0.715780532 0.007021252 0.001951581 0.999973446 43.760121254
0.997715764 0.067277861 -0.006078151 -0.496475333 -0.067277567 0.997734266 0.000253061 -0.737679670 0.006081405 0.000156440 0.999981496 44.982265873
0.997768343 0.066578129 -0.005068150 -0.494846470 -0.066558569 0.997774760 0.003935101 -0.772811329 0.005318864 -0.003588990 0.999979414 46.192711505
0.997258745 0.073961392 -0.002169640 -0.526137068 -0.073948528 0.997246851 0.005507573 -0.753537008 0.002571014 -0.005332034 0.999982479 47.438813015
0.997204085 0.074725730 0.000278449 -0.550085917 -0.074725431 0.997168838 0.008391539 -0.760938601 0.000349403 -0.008388884 0.999964752 48.660632353
0.997290529 0.073544270 0.001685297 -0.560336671 -0.073557479 0.997241111 0.009973180 -0.779896790 -0.000947177 -0.010070124 0.999948846 49.861781143
0.997459556 0.071192111 0.002473259 -0.566497062 -0.071210156 0.997427667 0.008195352 -0.789568237 -0.001883453 -0.008350653 0.999963359 51.075261231
0.997173924 0.074996284 0.004441002 -0.601140196 -0.075011167 0.997177283 0.003285130 -0.709192251 -0.004182094 -0.003608970 0.999984743 52.300540838
0.997111651 0.075703894 0.006105348 -0.621064206 -0.075720374 0.997125921 0.002514628 -0.719851657 -0.005897433 -0.002969664 0.999978200 53.504727235
0.997155843 0.075170246 0.005446065 -0.604728601 -0.075182320 0.997167703 0.002046993 -0.739203880 -0.005276768 -0.002450619 0.999983075 54.741046471
0.997215218 0.074379068 0.005437204 -0.620430036 -0.074388833 0.997228003 0.001616028 -0.774813221 -0.005301933 -0.002015995 0.999983913 55.977768898
0.997177769 0.074949319 0.004369993 -0.663815565 -0.074957763 0.997185082 0.001801374 -0.777172095 -0.004222680 -0.002123855 0.999988829 57.268906406
0.997163382 0.075177109 0.003686587 -0.677097260 -0.075188125 0.997165014 0.002946307 -0.793663419 -0.003454640 -0.003215137 0.999988864 58.483903151
0.997190276 0.074868230 0.002510296 -0.684846766 -0.074875891 0.997188008 0.003110861 -0.810973742 -0.002270333 -0.003290081 0.999992010 59.736769595
0.997129198 0.075712209 0.001012081 -0.680774317 -0.075715159 0.997124056 0.003291050 -0.831378184 -0.000759998 -0.003358232 0.999994072 60.917575483
0.997131475 0.075685794 0.000693837 -0.692126113 -0.075687181 0.997129058 0.002256486 -0.844075412 -0.000521061 -0.002302528 0.999997213 62.167822772
0.997169113 0.075183728 0.001080272 -0.708107220 -0.075185560 0.997167991 0.001769042 -0.864743301 -0.000944209 -0.001845255 0.999997852 63.386811353
0.997269868 0.073839368 0.000747323 -0.721757463 -0.073840200 0.997269419 0.001153601 -0.891993258 -0.000660101 -0.001205634 0.999999055 64.603415526
0.996943147 0.078130345 -0.000106412 -0.733463532 -0.078130396 0.996942960 -0.000613380 -0.802008094 0.000058163 0.000619819 0.999999806 65.833757409
0.996964911 0.077851990 -0.000186066 -0.744095476 -0.077851790 0.996964529 0.000908944 -0.824668088 0.000256264 -0.000891699 0.999999570 67.047367911
0.996986706 0.077572463 0.000146621 -0.773804938 -0.077572429 0.996986694 -0.000223969 -0.853614342 -0.000163553 0.000211921 0.999999964 68.235466275
0.996518705 0.083361222 0.001173234 -0.819339328 -0.083355261 0.996509988 -0.004443514 -0.794731412 -0.001539557 0.004330250 0.999989439 69.505156002
0.996786778 0.080096812 0.000787292 -0.828272953 -0.080094222 0.996783073 -0.002901924 -0.831275529 -0.001017195 0.002829542 0.999995479 70.680813865
0.996238365 0.086625611 0.002263415 -0.862911735 -0.086616577 0.996234384 -0.003823698 -0.851549477 -0.002586122 0.003613265 0.999990128 71.929759812
0.995885020 0.090613762 0.001474273 -0.850501772 -0.090605734 0.995875185 -0.004818450 -0.834897928 -0.001904809 0.004665045 0.999987304 73.168700432
0.995861196 0.090845343 0.002757023 -0.866102345 -0.090834210 0.995858291 -0.003925594 -0.860836701 -0.003102226 0.003658915 0.999988494 74.349809491
0.995688801 0.092602059 0.005354521 -0.889444190 -0.092583635 0.995698431 -0.003592473 -0.882333350 -0.005664159 0.003081244 0.999979211 75.547436342
0.995578386 0.093627392 0.007588700 -0.889811795 -0.093563671 0.995578218 -0.008357662 -0.828919835 -0.008337651 0.007610681 0.999936279 76.773071004
0.995777493 0.091223231 0.010271668 -0.891161397 -0.091074710 0.995744202 -0.014102539 -0.852748648 -0.011514433 0.013107502 0.999847794 77.960855159
0.995622815 0.092513054 0.013287004 -0.895267332 -0.092314243 0.995618886 -0.014869939 -0.886660632 -0.014604455 0.013578271 0.999801150 79.144938043
0.995210068 0.096487516 0.015718751 -0.880471613 -0.096292584 0.995271783 -0.012720675 -0.863561808 -0.016871816 0.011146144 0.999795532 80.394895264
0.995128067 0.096604262 0.019691282 -0.865223951 -0.096386974 0.995275139 -0.011702504 -0.896069619 -0.020728756 0.009747507 0.999737618 81.571761855
0.994460452 0.102325348 0.024040248 -0.876904580 -0.101976431 0.994668835 -0.015320422 -0.879117351 -0.025479753 0.012784015 0.999593593 82.763881821
0.994473618 0.101229705 0.027834682 -0.861562815 -0.100736129 0.994739287 -0.018600618 -0.919283416 -0.029571187 0.015693865 0.999439467 83.922831194
0.994497481 0.100041184 0.031088929 -0.839535594 -0.099367822 0.994796317 -0.022501646 -0.956852978 -0.033178244 0.019288591 0.999263306 85.087832415
0.993966707 0.104396919 0.033637314 -0.783449146 -0.103493973 0.994248302 -0.027555598 -0.838211220 -0.036320562 0.023908088 0.999054163 86.282547281
0.993837362 0.104176639 0.037875130 -0.755648633 -0.103233850 0.994315810 -0.026054603 -0.895476952 -0.040374121 0.021984043 0.998942757 87.464473844
0.993580923 0.105121062 0.041791288 -0.718484761 -0.104090742 0.994224874 -0.026115478 -0.950797491 -0.044295225 0.021597755 0.998784997 88.632741383
0.993470756 0.104819480 0.045041465 -0.664340844 -0.103615724 0.994215183 -0.028283425 -1.015729642 -0.047745562 0.023431751 0.998584656 89.784841908
0.992574063 0.111764455 0.048014952 -0.604497796 -0.110213325 0.993332059 -0.033829636 -0.941895207 -0.051475742 0.028286532 0.998273570 90.958698724
0.992374878 0.112125538 0.051185590 -0.560592701 -0.110433133 0.993274714 -0.034783123 -0.992524789 -0.054741428 0.028865312 0.998083248 92.118676295
0.992343980 0.111026075 0.054098393 -0.501925620 -0.109323489 0.993442072 -0.033484678 -1.060228099 -0.057461292 0.027314093 0.997974018 93.258079314
0.991037713 0.120463671 0.057730028 -0.458025466 -0.118639666 0.992353134 -0.034057123 -1.019499545 -0.061391220 0.026902822 0.997751149 94.400378213
0.991213702 0.118073995 0.059614834 -0.379960653 -0.116391576 0.992720793 -0.030958481 -1.087883129 -0.062836276 0.023747806 0.997741271 95.534571237
0.990901205 0.119208315 0.062483433 -0.321924470 -0.117419337 0.992580357 -0.031574279 -1.139607118 -0.065783745 0.023950228 0.997546433 96.734195628
0.990936456 0.117799857 0.064561084 -0.252556400 -0.115784548 0.992687866 -0.034128284 -1.207750280 -0.068109312 0.026343784 0.997329999 97.919584292
0.990070219 0.123510688 0.067127280 -0.158677398 -0.121055361 0.991859310 -0.039505816 -1.192276199 -0.071460208 0.030987414 0.996961995 99.117196984
0.989858939 0.124417937 0.068552589 -0.086824533 -0.121684631 0.991649207 -0.042716524 -1.255834126 -0.073294822 0.033941536 0.996732583 100.295766839
0.989673655 0.124986258 0.070174727 -0.020918023 -0.122113768 0.991547090 -0.043847419 -1.316303409 -0.075061871 0.034825335 0.996570575 101.477076203
0.989711512 0.124589683 0.070345811 0.077112815 -0.121736227 0.991608560 -0.043505803 -1.392291638 -0.075175883 0.034494561 0.996573485 102.708418885
0.989707085 0.124940052 0.069784453 0.147375877 -0.122254362 0.991629483 -0.041531176 -1.464089148 -0.074389229 0.032572246 0.996697191 103.909787944
0.989911093 0.124330558 0.067955425 0.241911405 -0.121806481 0.991742712 -0.040119503 -1.527236562 -0.072382378 0.031437330 0.996881380 105.139821104
0.989110851 0.130499590 0.068041033 0.256649603 -0.127964229 0.990955801 -0.040395015 -1.524020104 -0.072697189 0.031248329 0.996864414 106.276012141
0.990064290 0.125285928 0.063844632 0.370335906 -0.123043774 0.991676023 -0.037932767 -1.594113803 -0.068065633 0.029700193 0.997238672 107.576033398
0.989290062 0.131926413 0.062454741 0.402815805 -0.129620521 0.990770497 -0.039652792 -1.649013887 -0.067109566 0.031132697 0.997259776 108.751954043
0.989405806 0.132907071 0.058411139 0.468043926 -0.130733271 0.990626448 -0.039598651 -1.713760202 -0.063126559 0.031542856 0.997506935 109.967783491
0.989515188 0.133426582 0.055290497 0.491593386 -0.131412169 0.990575633 -0.038610320 -1.783821555 -0.059921062 0.030939654 0.997723511 111.152682183
0.988851714 0.139642207 0.051694705 0.558081252 -0.137745368 0.989714651 -0.038615062 -1.780255606 -0.056555299 0.031063864 0.997916096 112.361664591
0.989024274 0.139914923 0.047484741 0.614313901 -0.138224156 0.989701660 -0.037211657 -1.848527316 -0.052202194 0.030239693 0.998178587 113.589604574
0.989126137 0.140543537 0.043324344 0.662508033 -0.139027353 0.989625389 -0.036235130 -1.906448268 -0.047967484 0.029817845 0.998403734 114.830839370
0.989351146 0.140528152 0.037896540 0.720778016 -0.139210189 0.989628607 -0.035436465 -1.966622263 -0.042483321 0.029783523 0.998653148 116.081460624
0.989354403 0.141590841 0.033613981 0.722475395 -0.140432450 0.989484074 -0.034640928 -2.032810969 -0.038165337 0.029551661 0.998834374 117.315083021
0.988330500 0.149521984 0.029086078 0.743541553 -0.148409634 0.988224158 -0.037250436 -1.981320625 -0.034313324 0.032499087 0.998882578 118.604901991
0.988230137 0.151011681 0.024426814 0.756442734 -0.150042561 0.987965413 -0.037570893 -2.036647229 -0.029806491 0.033463627 0.998995375 119.843521906
0.987972263 0.153146565 0.021376111 0.761009645 -0.152300027 0.987648680 -0.036807427 -2.106328102 -0.026749019 0.033109134 0.999093727 121.072946305
0.987722014 0.155024150 0.019306381 0.773830890 -0.154262493 0.987369006 -0.036132105 -2.190561478 -0.024663871 0.032710225 0.999160515 122.329888426
0.987506917 0.156521688 0.018194805 0.785508322 -0.155782182 0.987108959 -0.036712608 -2.236452017 -0.023706574 0.033419528 0.999160214 123.630992389
0.987259485 0.158199381 0.017078201 0.789645992 -0.157519082 0.986869809 -0.035717219 -2.331089606 -0.022504403 0.032572021 0.999216000 124.936135593
0.987099181 0.159275188 0.016328550 0.781779147 -0.158646632 0.986734548 -0.034440932 -2.396952202 -0.021597530 0.031406146 0.999273336 126.182134705
0.985959005 0.166241068 0.015771715 0.822222888 -0.165603253 0.985550787 -0.035569771 -2.393839516 -0.021456983 0.032458488 0.999242735 127.442162471
0.985302365 0.170148493 0.015124177 0.831126526 -0.169569624 0.984942937 -0.033668296 -2.447030723 -0.020625061 0.030608851 0.999318620 128.700959028
0.985152754 0.171061493 0.014560792 0.841899039 -0.170559149 0.984870100 -0.030666962 -2.495611725 -0.019586425 0.027728165 0.999423594 129.969559056
0.985347280 0.169969946 0.014175852 0.834708676 -0.169479128 0.985057364 -0.030640097 -2.566201057 -0.019171922 0.027788625 0.999429952 131.195911021
0.985326618 0.170167515 0.013208783 0.846605446 -0.169670822 0.984967307 -0.032422468 -2.608807236 -0.018527471 0.029705575 0.999386968 132.453846400
0.985978385 0.166392276 0.012658372 0.854828234 -0.165944374 0.985657906 -0.030675021 -2.706832072 -0.017580911 0.028144322 0.999449253 133.768856376
0.985173813 0.171070476 0.012940247 0.855994073 -0.170620503 0.984871878 -0.030265936 -2.691976892 -0.017922093 0.027609336 0.999458115 135.135044934
0.985692723 0.168044049 0.013078728 0.858632889 -0.167625836 0.985443812 -0.028320896 -2.750143339 -0.017647509 0.025723368 0.999513318 136.425008002
0.986100786 0.165672503 0.012564285 0.865177212 -0.165277545 0.985856034 -0.027770724 -2.800825350 -0.016987422 0.025308138 0.999535355 137.704462275
0.985631917 0.168449610 0.012427913 0.918021110 -0.168007518 0.985308325 -0.030675363 -2.815623226 -0.017412579 0.028146634 0.999452134 139.025601088
0.985980100 0.166405021 0.012353565 0.923719936 -0.165949299 0.985627231 -0.031619492 -2.877220086 -0.017437652 0.029126124 0.999423632 140.304274052
0.986259849 0.164722013 0.012576545 0.924700997 -0.164254744 0.985900719 -0.031939803 -2.938309880 -0.017660414 0.029435188 0.999410666 141.583522953
0.985348424 0.170060110 0.012963153 0.962583392 -0.169553412 0.984955993 -0.033366632 -2.939549261 -0.018442469 0.030679812 0.999359107 142.933129148
0.985131572 0.171216729 0.014163926 0.965179659 -0.170706015 0.984812928 -0.031669444 -2.998422876 -0.019371156 0.028780702 0.999398034 144.214217046
0.984749364 0.173337806 0.014922965 0.962251588 -0.172821690 0.984470761 -0.030821798 -3.042176560 -0.020033805 0.027772734 0.999413489 145.483324589
0.983440542 0.180593832 0.015184450 0.997956579 -0.180010995 0.983090918 -0.033590004 -3.055643727 -0.020993843 0.030300403 0.999320341 146.749867330
0.983275799 0.181451588 0.015621251 0.997063788 -0.180809679 0.982870200 -0.035693545 -3.118430762 -0.021830312 0.032272125 0.999240685 148.026263033
0.983265079 0.181585523 0.014713316 1.037982725 -0.180926831 0.982767070 -0.037873040 -3.194431763 -0.021336958 0.034577204 0.999174235 149.310941859
0.983479365 0.180443958 0.014433179 1.038436841 -0.179711257 0.982830379 -0.041812795 -3.267566183 -0.021730233 0.038528216 0.999021208 150.604030630
0.983432843 0.180659979 0.014893443 1.038502001 -0.179831326 0.982654811 -0.045279327 -3.352305177 -0.022815276 0.041850870 0.998863338 151.919290579
0.982312702 0.186657232 0.014860467 1.053998654 -0.185771290 0.981439581 -0.047595969 -3.377687555 -0.023468782 0.043993477 0.998756122 153.210073483
0.982312748 0.186684427 0.014511693 1.060764857 -0.185828168 0.981458739 -0.046974835 -3.464058386 -0.023012098 0.043447298 0.998790657 154.477750411
0.982165800 0.187435378 0.014775662 1.055201020 -0.186577935 0.981338837 -0.046505491 -3.544125182 -0.023216705 0.042919290 0.998808750 155.773502637
0.982092224 0.187807941 0.014934565 1.056658285 -0.186970448 0.981318509 -0.045343518 -3.631335823 -0.023171438 0.041739194 0.998859812 157.102646690
0.981969655 0.188436900 0.015070872 1.042936527 -0.187602777 0.981216667 -0.044933853 -3.704536156 -0.023254987 0.041296342 0.998876277 158.397406401
0.981004495 0.193425020 0.014728989 1.069426403 -0.192537487 0.980131866 -0.047653346 -3.715659364 -0.023653700 0.043912264 0.998755333 159.710988892
0.980895569 0.194040809 0.013858120 1.070429590 -0.193200175 0.980020834 -0.047253117 -3.795998694 -0.022750279 0.043672982 0.998786812 160.989210895
0.981064154 0.193208625 0.013548200 1.072109561 -0.192413461 0.980241986 -0.045855308 -3.882411329 -0.022140156 0.042380143 0.998856214 162.281826125
0.980820053 0.194388206 0.014326486 1.029887052 -0.193554691 0.980008214 -0.046048704 -3.943375998 -0.022991399 0.042392534 0.998836457 163.579696228
0.979643581 0.200322179 0.013018361 1.066636809 -0.199503912 0.978738143 -0.047642807 -3.997565841 -0.022285477 0.044075757 0.998779598 164.830359063
0.979534129 0.200907342 0.012211885 1.066941773 -0.200100161 0.978561882 -0.048750054 -4.081566823 -0.021744329 0.045308742 0.998736353 166.105094164
0.979456491 0.201362502 0.010868507 1.069573404 -0.200620327 0.978466086 -0.048534550 -4.159964811 -0.020407503 0.045357036 0.998762371 167.350264552
0.979547761 0.200944858 0.010360871 1.052813536 -0.200210336 0.978510474 -0.049326202 -4.246831932 -0.020050067 0.046243017 0.998728981 168.660720789
0.978105631 0.207833109 0.010713183 1.025172729 -0.207041142 0.977004715 -0.050948525 -4.306959679 -0.021055620 0.047614970 0.998643818 169.962455953
0.977975748 0.208484144 0.009889325 1.028370878 -0.207738260 0.976876005 -0.050577526 -4.390426796 -0.020205257 0.047409203 0.998671175 171.248210470
0.977998319 0.208383942 0.009768362 1.016861783 -0.207682722 0.976986820 -0.048627573 -4.483874125 -0.019676766 0.045528965 0.998769212 172.516862894
0.978016449 0.208372530 0.008044464 1.046235482 -0.207754897 0.976984627 -0.048362607 -4.555917710 -0.017936756 0.045628149 0.998797449 173.803455932
0.976637089 0.214735731 0.008280182 1.029211116 -0.214072301 0.975543261 -0.049883818 -4.585089805 -0.018789514 0.046945829 0.998720703 175.083751398
0.977835928 0.209278965 0.006261950 1.035954659 -0.208751997 0.976802371 -0.047746532 -4.690374802 -0.016109033 0.045381080 0.998839855 176.356075495
0.976327157 0.216171991 0.007413061 1.005367422 -0.215539908 0.975197851 -0.050315997 -4.747577866 -0.018106111 0.047527064 0.998705836 177.610779642
0.976196478 0.216789602 0.006534944 1.009462270 -0.216195763 0.975044141 -0.050480849 -4.836910354 -0.017315582 0.047866400 0.998703649 178.897392288
0.974320012 0.225078357 0.006344071 1.012780172 -0.224457845 0.973098159 -0.051948513 -4.884688868 -0.017865890 0.049190499 0.998629613 180.219158203
0.974306904 0.225145111 0.005978024 1.004640677 -0.224523279 0.973024234 -0.053039015 -4.973006674 -0.017758237 0.050334073 0.998574547 181.496937626
0.974693242 0.223481333 0.005401630 1.000225570 -0.222861704 0.973313302 -0.054716327 -5.052188574 -0.017485556 0.052127818 0.998487329 182.759460982
0.975344987 0.220612585 0.005678431 0.986668105 -0.219993240 0.973999559 -0.054109458 -5.146314471 -0.017468017 0.051526172 0.998518864 184.010093052
0.973540872 0.228425536 0.006320190 0.987147354 -0.227809900 0.972342242 -0.051509357 -5.227311309 -0.017911440 0.048706662 0.998652513 185.377419861
0.973649117 0.227932950 0.007346255 0.984561758 -0.227339219 0.972648854 -0.047655913 -5.311690444 -0.018007679 0.044730046 0.998836797 186.651392888
0.973487023 0.228631591 0.007114160 0.979505102 -0.228032228 0.972444428 -0.048509156 -5.391301089 -0.018008850 0.045600776 0.998797402 187.901161241
0.971400314 0.237337036 0.007249853 0.944229019 -0.236654309 0.970196935 -0.052083063 -5.468941963 -0.019395025 0.048877795 0.998616440 189.209637450
0.971276436 0.237861960 0.006616107 0.938071318 -0.237168639 0.969953733 -0.054229074 -5.548462178 -0.019316352 0.051102288 0.998506602 190.446108245
0.971311464 0.237712896 0.006827829 0.912540513 -0.237014091 0.970006172 -0.053966168 -5.629183622 -0.019451490 0.050799666 0.998519421 191.657316783
0.969689743 0.244231891 0.007251611 0.920636718 -0.243518358 0.968436275 -0.053197664 -5.696745043 -0.020015290 0.049819329 0.998557671 192.868011429
0.969686939 0.244217299 0.008071661 0.912633022 -0.243509955 0.968561133 -0.050913972 -5.787620471 -0.020251970 0.047405084 0.998670424 194.110084808
0.969913776 0.243273965 0.009222022 0.902645354 -0.242530726 0.968849520 -0.050094447 -5.880189608 -0.021121427 0.046350671 0.998701908 195.371470052
0.969683755 0.244120069 0.010899834 0.891595501 -0.243280220 0.968620030 -0.050891761 -5.966328423 -0.022981498 0.046697200 0.998644693 196.611798303
0.968427898 0.249019600 0.011689561 0.898816465 -0.248080204 0.967274558 -0.053255446 -6.023070768 -0.024568665 0.048674111 0.998512500 197.853991806
0.968229767 0.249733123 0.012825165 0.893905923 -0.248687575 0.967010276 -0.055187096 -6.111247159 -0.026184112 0.050244330 0.998393660 199.079676176
0.968514965 0.248571291 0.013823032 0.897464423 -0.247458660 0.967286503 -0.055866196 -6.203095602 -0.027257564 0.050686618 0.998342572 200.322206230
0.968387406 0.248994568 0.015084354 0.904962729 -0.247830884 0.967217915 -0.055401785 -6.287532830 -0.028384601 0.049912022 0.998350191 201.518299437
0.967286058 0.253129916 0.016820477 0.922535998 -0.251915993 0.966238713 -0.054047037 -6.376772083 -0.029933518 0.048041598 0.998396709 202.759176703
0.967011711 0.254067110 0.018391691 0.921814740 -0.252780765 0.966019503 -0.053927782 -6.465958690 -0.031468008 0.047499731 0.998375450 203.982698116
0.967046520 0.253864772 0.019331481 0.925036571 -0.252536061 0.966086924 -0.053866433 -6.554130521 -0.032350681 0.047209450 0.998361007 205.183704385
0.965793710 0.258542216 0.019960756 0.947840705 -0.257179944 0.964862154 -0.053847015 -6.630391933 -0.033181105 0.046871603 0.998349672 206.381741042
0.965745412 0.258675679 0.020559490 0.972163587 -0.257285565 0.964834524 -0.053837521 -6.718167384 -0.033762963 0.046703679 0.998338033 207.567692075
0.965612100 0.259076023 0.021745968 0.970454711 -0.257623084 0.964732974 -0.054042899 -6.812261154 -0.034980272 0.046582214 0.998301797 208.777430393
0.965649749 0.258880849 0.022389013 0.977473425 -0.257392374 0.964785458 -0.054205037 -6.890098502 -0.035633240 0.046580319 0.998278792 209.956964679
0.965923521 0.257820086 0.022815656 0.994579594 -0.256308764 0.965067799 -0.054313534 -6.977716915 -0.036021775 0.046614867 0.998263235 211.106174474
0.964993614 0.261113522 0.024638453 0.992025263 -0.259542008 0.964243303 -0.053598499 -7.055565274 -0.037752756 0.045327495 0.998258557 212.399457405
0.965021615 0.260990524 0.024844111 1.000419400 -0.259449313 0.964325700 -0.052554714 -7.136077782 -0.037674098 0.044270647 0.998308956 213.527936406
0.965008189 0.261138933 0.023783480 1.026925114 -0.259653773 0.964284036 -0.052308853 -7.216686417 -0.036593908 0.044303002 0.998347700 214.630492152
0.964926915 0.261504245 0.023055975 1.035488079 -0.260032069 0.964153253 -0.052837754 -7.301598998 -0.036046790 0.044989278 0.998336914 215.741359492
0.964762152 0.262168683 0.022395795 1.036202781 -0.260704972 0.963939342 -0.053421556 -7.384921817 -0.035593647 0.045700400 0.998320873 216.859903904
0.964963497 0.261348702 0.023287452 1.002401671 -0.259792077 0.964104749 -0.054864464 -7.447472859 -0.036790300 0.046892310 0.998222212 218.027988491
0.965027756 0.261193531 0.022346583 1.014064035 -0.259684407 0.964138638 -0.054778612 -7.523536722 -0.035853023 0.047059822 0.998248433 219.097151587
0.965165972 0.260781095 0.021162853 1.022582665 -0.259359948 0.964277450 -0.053864793 -7.593454162 -0.034453782 0.046499669 0.998323954 220.157855336
0.965424882 0.260052492 0.018096895 1.050867874 -0.258848037 0.964541178 -0.051555895 -7.657251492 -0.030862439 0.045088998 0.998506130 221.177011645
0.964361451 0.263846107 0.019804657 0.960690816 -0.262648696 0.963653146 -0.048870004 -7.743226690 -0.031978980 0.041926680 0.998608781 222.255535224
0.964191426 0.264615845 0.017701652 0.964692189 -0.263516370 0.963432671 -0.048544949 -7.805041585 -0.029900112 0.042141949 0.998664127 223.284539822
0.964122915 0.265012145 0.015348193 0.965683709 -0.264020432 0.963309457 -0.048250404 -7.878310462 -0.027572002 0.042467083 0.998717343 224.285427218
0.964169270 0.264949339 0.013396525 0.950557623 -0.264065279 0.963344016 -0.047305773 -7.943250804 -0.025439096 0.042073215 0.998790617 225.272422960
0.964032304 0.265541830 0.011369001 0.932028139 -0.264775450 0.963216087 -0.045920924 -8.008057501 -0.023144731 0.041259022 0.998880380 226.230358361
0.963492995 0.267554630 0.009786174 0.871414348 -0.266867326 0.962671866 -0.045218454 -8.071403788 -0.021519281 0.040956053 0.998929188 227.170831707
0.963438486 0.267846810 0.006661084 0.863423844 -0.267288336 0.962554500 -0.045230295 -8.125543377 -0.018526447 0.041796177 0.998954379 228.080135073
0.963494775 0.267708860 0.003127914 0.862643586 -0.267310454 0.962581149 -0.044526989 -8.188307502 -0.014931140 0.042065397 0.999003285 228.972970015
0.963076422 0.269228088 -0.000202958 0.852213386 -0.268978406 0.962150255 -0.043789317 -8.243745700 -0.011594038 0.042227050 0.999040767 229.810101836
0.963165883 0.268889345 -0.003162648 0.830445172 -0.268762751 0.962192820 -0.044176476 -8.295458803 -0.008835507 0.043399277 0.999018737 230.670371948
0.962234296 0.272191498 -0.004116805 0.782976717 -0.272104915 0.961263531 -0.043947008 -8.326738578 -0.008004668 0.043407521 0.999025381 231.484141153
0.961982729 0.273068953 -0.004751504 0.769657123 -0.273013997 0.961036057 -0.043278799 -8.375451845 -0.007251730 0.042930684 0.999051735 232.285288547
0.961998677 0.273024369 -0.004029910 0.751562490 -0.272946588 0.961101004 -0.042249498 -8.430325277 -0.007661992 0.041743911 0.999098964 233.067849380
0.961957637 0.273181988 -0.003017534 0.734687843 -0.273065706 0.961086331 -0.041811306 -8.476304696 -0.008521985 0.041044690 0.999120968 233.839810614
0.962591937 0.270937554 -0.003099176 0.726674941 -0.270822793 0.961700692 -0.042270492 -8.529710155 -0.008472184 0.041528563 0.999101397 234.598614944
0.962349339 0.271795151 -0.003338474 0.716365257 -0.271673416 0.961375915 -0.044157723 -8.575802875 -0.008792327 0.043402130 0.999018994 235.331223906
0.962358015 0.271768899 -0.002952428 0.703208272 -0.271607778 0.961281812 -0.046545598 -8.621816432 -0.009811530 0.045595432 0.998911803 236.065679470
0.962579747 0.270984260 -0.002785943 0.701874076 -0.270803946 0.961448026 -0.047779863 -8.674866715 -0.010269051 0.046746373 0.998854005 236.790502155
0.963626839 0.267248351 -0.001278218 0.685758148 -0.266991986 0.962469748 -0.048654530 -8.722090497 -0.011772597 0.047226085 0.998814849 237.517888903
0.963730437 0.266877189 0.000459345 0.679127434 -0.266528891 0.962557787 -0.049445502 -8.769605230 -0.013638023 0.047529706 0.998776717 238.247548068
0.963719352 0.266907438 0.002330256 0.677265311 -0.266463782 0.962552997 -0.049887677 -8.821405839 -0.015558387 0.047456791 0.998752116 238.965645962
0.963900998 0.266222820 0.004502929 0.661491488 -0.265670676 0.962752188 -0.050272422 -8.870415963 -0.017718871 0.047261342 0.998725391 239.667060816
0.963934267 0.266051832 0.006866730 0.655641609 -0.265368399 0.962781892 -0.051289775 -8.918840001 -0.020256902 0.047617759 0.998660206 240.401083934
0.963875670 0.266178001 0.009641807 0.653350196 -0.265344619 0.962745024 -0.052098476 -8.956049530 -0.023150070 0.047658052 0.998595406 241.092463574
0.965161071 0.261369588 0.012249288 0.656711092 -0.260453170 0.964153702 -0.050712774 -9.031929463 -0.025064973 0.045755630 0.998638157 241.826113994
0.965377627 0.260423422 0.015022618 0.662018296 -0.259371340 0.964425081 -0.051095700 -9.083018357 -0.027794706 0.045430209 0.998580768 242.524249062
0.965442204 0.259985383 0.018137002 0.664978164 -0.258766398 0.964540955 -0.051968229 -9.129008049 -0.031004861 0.045479075 0.998484027 243.226531765
0.965469422 0.259643154 0.021312628 0.664014061 -0.258254687 0.964635966 -0.052744391 -9.185371105 -0.034253648 0.045419011 0.998380589 243.932746035
0.965502784 0.259261208 0.024248727 0.667771801 -0.257700867 0.964725078 -0.053812520 -9.230996535 -0.037344854 0.045707220 0.998256586 244.644043127
0.966505834 0.255308882 0.026150489 0.711673596 -0.253635622 0.965759895 -0.054560021 -9.281960428 -0.039184751 0.046099883 0.998168000 245.283611303
0.966344046 0.255662461 0.028563791 0.730617216 -0.253816653 0.965627852 -0.056035331 -9.328984969 -0.041908123 0.046899443 0.998020116 245.979934797
0.966261056 0.255633275 0.031483334 0.748718437 -0.253656772 0.965676736 -0.055916759 -9.378936871 -0.044696907 0.046044226 0.997938934 246.689522623
0.966351682 0.254980132 0.033905140 0.771503156 -0.252919204 0.965902252 -0.055359882 -9.434439315 -0.046864721 0.044921854 0.997890638 247.398050130
0.966369755 0.254503082 0.036846687 0.782857390 -0.252254476 0.966010506 -0.056492318 -9.480997951 -0.049971755 0.045297726 0.997722877 248.095815383
0.967564405 0.249741163 0.038058825 0.806031344 -0.247362354 0.967185968 -0.057992844 -9.528625202 -0.051293161 0.046697491 0.997591277 248.790098922
0.967361597 0.250311220 0.039444060 0.829166019 -0.247713615 0.966917941 -0.060890567 -9.578964807 -0.053380761 0.049132366 0.997364780 249.500550142
0.969425351 0.242038012 0.040399141 0.838307636 -0.239404761 0.969017708 -0.060745715 -9.642000322 -0.053850255 0.049216689 0.997335384 250.184962853
0.969373682 0.242240617 0.040424606 0.863285516 -0.239565938 0.968931153 -0.061486436 -9.691980976 -0.054063173 0.049918974 0.997288960 250.903738792
0.970898076 0.235855516 0.041582468 0.830577251 -0.233190527 0.970559461 -0.060303496 -9.768698983 -0.054581169 0.048851910 0.997313585 251.550010305
0.969235665 0.242313501 0.043201769 0.784042110 -0.239540460 0.968981522 -0.060787976 -9.828320581 -0.056591463 0.048569302 0.997215337 252.308377041
0.969032214 0.243040398 0.043679902 0.798824111 -0.240220942 0.968787789 -0.061189199 -9.878047035 -0.057188003 0.048801478 0.997169969 253.028219806
0.967879822 0.247556901 0.043866052 0.796543705 -0.244543580 0.967500779 -0.064348112 -9.919289029 -0.058370259 0.051554078 0.996962933 253.809167245
0.968782778 0.243971540 0.044020635 0.819530440 -0.240826175 0.968288597 -0.066482677 -9.978621251 -0.058844560 0.053805951 0.996816050 254.546129670
0.969501278 0.241072320 0.044174748 0.857590388 -0.237871317 0.968961752 -0.067307939 -10.042836971 -0.059029723 0.054747227 0.996753848 255.328722152
0.968887042 0.243242360 0.045728036 0.884822377 -0.240161032 0.968627263 -0.063905423 -10.091438634 -0.059837928 0.050935044 0.996907741 256.101341615
0.965474380 0.256104711 0.047640314 0.904975310 -0.253264413 0.965632164 -0.058409427 -10.166459482 -0.060961949 0.044327210 0.997155324 256.968222670
0.965443365 0.255872559 0.049480727 0.934563647 -0.253159465 0.965855892 -0.055069776 -10.228606200 -0.061882097 0.040640236 0.997255723 257.763994637
0.965443317 0.255487919 0.051430776 0.966731057 -0.252512670 0.965858818 -0.057914547 -10.286749465 -0.064471335 0.042926290 0.996995878 258.550135101
0.965088108 0.256502552 0.053022496 1.012103643 -0.253004368 0.965299598 -0.064695257 -10.343881742 -0.067777093 0.049021701 0.996495428 259.342963942
0.962049189 0.266996423 0.056340643 1.030179198 -0.262956734 0.962264784 -0.070001727 -10.397749920 -0.072904827 0.052529954 0.995954562 260.182814533
0.961392376 0.268659375 0.059555347 1.070970927 -0.264399487 0.961818951 -0.070691002 -10.462179382 -0.076273262 0.052215387 0.995718807 260.998876863
0.961592991 0.266909005 0.064019544 1.104269826 -0.262537597 0.962438335 -0.069184257 -10.535734545 -0.080080765 0.049719559 0.995547606 261.824107578
0.962249126 0.263733183 0.067241568 1.168597301 -0.259366402 0.963440754 -0.067163857 -10.601336117 -0.082496605 0.047188159 0.995473550 262.667041131
0.962704219 0.261278320 0.070244047 1.235290489 -0.256859576 0.964187292 -0.066075896 -10.673002998 -0.084992616 0.045568688 0.995339013 263.528365950
0.960553663 0.268232867 0.073401566 1.257772436 -0.263505509 0.962253006 -0.068073484 -10.711000055 -0.088890423 0.046046517 0.994976488 264.378578874
0.959732707 0.270592721 0.075450057 1.305844385 -0.265492927 0.961483835 -0.071150133 -10.777513247 -0.091796719 0.048253653 0.994607937 265.211804832
0.959218178 0.271917093 0.077211274 1.356680775 -0.266461873 0.960997597 -0.074038422 -10.847114576 -0.094332161 0.050445140 0.994261903 266.054502301
0.958861933 0.272469396 0.079650622 1.417261295 -0.266807082 0.960834145 -0.074911464 -10.918942699 -0.096942119 0.050578401 0.994004050 266.900323959
0.958429336 0.272933376 0.083190025 1.471338493 -0.267209258 0.960811298 -0.073762207 -10.991536593 -0.100062084 0.048466718 0.993800059 267.754237626
0.955561964 0.280948963 0.089269333 1.425386815 -0.274846891 0.958574161 -0.074798156 -11.028248077 -0.106585741 0.046938874 0.993194957 268.629030644
0.955006793 0.281877503 0.092233934 1.491946311 -0.275535984 0.958302798 -0.075734205 -11.107279232 -0.109735805 0.046912912 0.992853077 269.483644624
0.954789364 0.281786407 0.094729571 1.562802544 -0.275173509 0.958298743 -0.077091232 -11.182421281 -0.112502490 0.047538820 0.992513602 270.334216736
0.954982604 0.280246840 0.097313593 1.634717065 -0.273362348 0.958717628 -0.078316903 -11.258583569 -0.115244322 0.048189408 0.992167590 271.194100211
0.955727116 0.276853032 0.099689909 1.696706370 -0.269823838 0.959708906 -0.078446878 -11.326791472 -0.117391549 0.048075094 0.991921373 272.020486257
0.955865666 0.275529752 0.102000900 1.702469185 -0.268300586 0.960079873 -0.079129215 -11.386167368 -0.119731465 0.048269999 0.991632182 272.920896274
0.955897676 0.275203260 0.102580695 1.782560683 -0.267885372 0.960155654 -0.079614992 -11.461823856 -0.120403740 0.048623919 0.991533486 273.777660976
0.955750703 0.275330887 0.103602589 1.850203011 -0.267923703 0.960118040 -0.079938967 -11.535906850 -0.121480381 0.048644135 0.991401163 274.633679287
0.955815474 0.275212417 0.103319432 1.923986899 -0.267920306 0.960187916 -0.079106732 -11.615643678 -0.120977225 0.047930064 0.991497463 275.506416395
0.956340488 0.273235348 0.103707839 1.968255257 -0.265957494 0.960761813 -0.078761344 -11.682372599 -0.121158914 0.047740785 0.991484410 276.340946882
0.956453960 0.273457548 0.102062683 2.056703026 -0.266175707 0.960643449 -0.079464818 -11.763074314 -0.119776102 0.048837833 0.991598987 277.199660583
0.956768330 0.273165795 0.099873976 2.135431600 -0.265942649 0.960673752 -0.079877711 -11.846327050 -0.117766165 0.049863715 0.991788657 278.052508659
0.956477853 0.274617689 0.098667328 2.183427995 -0.267272584 0.960170015 -0.081479491 -11.875405788 -0.117113119 0.051562257 0.991779134 278.953778565
0.956161013 0.276265397 0.097126457 2.255563173 -0.268955524 0.959662359 -0.081921201 -11.950391168 -0.115840597 0.052207161 0.991894837 279.805200556
0.956046668 0.277337135 0.095178162 2.323510938 -0.270175699 0.959350213 -0.081561391 -12.035016884 -0.113929192 0.052261670 0.992113329 280.661322035
0.955879506 0.278495805 0.093458315 2.385710668 -0.271515428 0.959036258 -0.080801169 -12.110536928 -0.112132699 0.051860807 0.992339012 281.523548017
0.955427223 0.280613113 0.091733868 2.444511230 -0.273612676 0.958350692 -0.081853861 -12.080842977 -0.110882482 0.053105858 0.992413645 282.462361284
0.955645209 0.280840346 0.088718282 2.508254160 -0.274284838 0.958376579 -0.079260085 -12.148466424 -0.107284953 0.051410441 0.992898235 283.306971337
0.956472934 0.279433634 0.084121169 2.575481938 -0.273401205 0.958853446 -0.076497388 -12.231572001 -0.102035816 0.050168852 0.993514861 284.169657682
0.955754669 0.283089793 0.079957376 2.635959590 -0.277305920 0.957753988 -0.076214988 -12.270520247 -0.098155181 0.050670177 0.993880322 285.061576909
0.955947887 0.283604077 0.075712385 2.683567639 -0.278158746 0.957605542 -0.074962244 -12.335055750 -0.093762198 0.050599937 0.994307949 285.885540291
0.956268841 0.283702181 0.071154591 2.732269286 -0.278602230 0.957571884 -0.073735237 -12.398067815 -0.089054483 0.050686882 0.994736216 286.697814448
0.956698742 0.283415152 0.066357884 2.785732311 -0.278683444 0.957656893 -0.072310529 -12.466886316 -0.084041985 0.050686548 0.995172256 287.497341069
0.955747754 0.287643378 0.061705087 2.840141140 -0.282942029 0.956204321 -0.074947350 -12.481921072 -0.080560780 0.054171799 0.995276533 288.406807572
0.957940277 0.281526993 0.055614547 2.897043960 -0.277353488 0.958037664 -0.072380089 -12.559319729 -0.073657779 0.053910914 0.995825359 289.139655872
0.956118778 0.287909109 0.054269954 2.908254854 -0.283758129 0.956107626 -0.073072101 -12.622103757 -0.072926040 0.054466068 0.995849005 289.931011676
